Protein Function Prediction Mode...
in total: 8420 proteins
encoding protein...
unique target sequence: 8383
Done.
Protein Function Prediction Mode...
in total: 2811 proteins
encoding protein...
unique target sequence: 2807
Done.
Protein Function Prediction Mode...
in total: 2773 proteins
encoding protein...
unique target sequence: 2768
Done.
Let's use 1 GPU!
--- Data Preparation ---
--- Go for Training ---
tensor([[0.1025, 0.1036, 0.1024, 0.0971, 0.1045, 0.0981, 0.0968, 0.0955, 0.0996,
         0.0998],
        [0.1027, 0.1022, 0.1028, 0.0969, 0.1047, 0.0979, 0.0972, 0.0951, 0.0997,
         0.1007],
        [0.1026, 0.1030, 0.1017, 0.0972, 0.1040, 0.0984, 0.0975, 0.0952, 0.1001,
         0.1003],
        [0.1016, 0.1033, 0.1028, 0.0970, 0.1047, 0.0980, 0.0968, 0.0946, 0.1010,
         0.1002],
        [0.1020, 0.1032, 0.1035, 0.0966, 0.1029, 0.0978, 0.0981, 0.0954, 0.1000,
         0.1006],
        [0.1008, 0.1031, 0.1029, 0.0973, 0.1041, 0.0990, 0.0969, 0.0954, 0.1001,
         0.1003],
        [0.1013, 0.1028, 0.1023, 0.0967, 0.1050, 0.0992, 0.0968, 0.0949, 0.1006,
         0.1004],
        [0.1019, 0.1041, 0.1036, 0.0964, 0.1050, 0.0974, 0.0965, 0.0946, 0.1004,
         0.1001],
        [0.1028, 0.1022, 0.1029, 0.0978, 0.1044, 0.0982, 0.0972, 0.0945, 0.1003,
         0.0998],
        [0.1019, 0.1029, 0.1024, 0.0969, 0.1044, 0.0985, 0.0968, 0.0948, 0.1008,
         0.1005],
        [0.1022, 0.1030, 0.1037, 0.0969, 0.1039, 0.0976, 0.0971, 0.0958, 0.0994,
         0.1003],
        [0.1022, 0.1035, 0.1032, 0.0971, 0.1038, 0.0980, 0.0971, 0.0945, 0.1006,
         0.1000],
        [0.1027, 0.1021, 0.1030, 0.0972, 0.1040, 0.0983, 0.0975, 0.0956, 0.1001,
         0.0995],
        [0.1030, 0.1032, 0.1033, 0.0966, 0.1034, 0.0976, 0.0971, 0.0949, 0.1006,
         0.1002],
        [0.1022, 0.1025, 0.1027, 0.0973, 0.1045, 0.0985, 0.0972, 0.0949, 0.0997,
         0.1005],
        [0.1029, 0.1037, 0.1026, 0.0968, 0.1042, 0.0973, 0.0969, 0.0950, 0.0999,
         0.1010],
        [0.1021, 0.1025, 0.1032, 0.0976, 0.1046, 0.0978, 0.0971, 0.0951, 0.0995,
         0.1004],
        [0.1019, 0.1028, 0.1027, 0.0974, 0.1043, 0.0980, 0.0979, 0.0944, 0.1001,
         0.1006],
        [0.1022, 0.1031, 0.1025, 0.0973, 0.1036, 0.0983, 0.0969, 0.0955, 0.0998,
         0.1008],
        [0.1026, 0.1038, 0.1018, 0.0964, 0.1037, 0.0985, 0.0973, 0.0944, 0.1011,
         0.1003],
        [0.1027, 0.1041, 0.1023, 0.0970, 0.1051, 0.0974, 0.0968, 0.0955, 0.0993,
         0.0999],
        [0.1022, 0.1039, 0.1026, 0.0968, 0.1046, 0.0976, 0.0970, 0.0957, 0.0992,
         0.1004],
        [0.1021, 0.1028, 0.1026, 0.0970, 0.1046, 0.0982, 0.0974, 0.0956, 0.1000,
         0.0997],
        [0.1014, 0.1030, 0.1032, 0.0974, 0.1046, 0.0972, 0.0965, 0.0952, 0.1008,
         0.1007],
        [0.1019, 0.1036, 0.1019, 0.0971, 0.1053, 0.0984, 0.0973, 0.0945, 0.0990,
         0.1011],
        [0.1025, 0.1030, 0.1017, 0.0967, 0.1043, 0.0986, 0.0972, 0.0952, 0.1002,
         0.1005],
        [0.1019, 0.1036, 0.1023, 0.0972, 0.1041, 0.0976, 0.0971, 0.0955, 0.1001,
         0.1008],
        [0.1021, 0.1034, 0.1021, 0.0962, 0.1043, 0.0978, 0.0974, 0.0953, 0.1002,
         0.1012],
        [0.1024, 0.1029, 0.1026, 0.0974, 0.1047, 0.0969, 0.0973, 0.0958, 0.0995,
         0.1004],
        [0.1019, 0.1033, 0.1028, 0.0978, 0.1044, 0.0980, 0.0970, 0.0946, 0.1006,
         0.0998],
        [0.1016, 0.1036, 0.1023, 0.0966, 0.1044, 0.0980, 0.0977, 0.0954, 0.1002,
         0.1002],
        [0.1021, 0.1028, 0.1033, 0.0964, 0.1040, 0.0980, 0.0974, 0.0955, 0.1000,
         0.1005]], device='cuda:0', grad_fn=<SoftmaxBackward0>)
tensor([5., 7., 1., 1., 2., 8., 6., 0., 8., 1., 6., 6., 9., 1., 3., 8., 1., 9.,
        1., 1., 3., 2., 8., 9., 1., 2., 9., 1., 8., 1., 1., 9.],
       device='cuda:0')
Traceback (most recent call last):
  File "E:\DeepPurposePlusPlus\train\subcellular.py", line 88, in <module>
    model.train(train, val, test, compute_pos_enc = compute_pos)
  File "E:\DeepPurposePlusPlus\ProB\ProteinPred.py", line 383, in train
    loss = loss_fct(n, label)
  File "E:\anaconda3\envs\graph\lib\site-packages\torch\nn\modules\module.py", line 1532, in _wrapped_call_impl
    return self._call_impl(*args, **kwargs)
  File "E:\anaconda3\envs\graph\lib\site-packages\torch\nn\modules\module.py", line 1541, in _call_impl
    return forward_call(*args, **kwargs)
  File "E:\anaconda3\envs\graph\lib\site-packages\torch\nn\modules\loss.py", line 1185, in forward
    return F.cross_entropy(input, target, weight=self.weight,
  File "E:\anaconda3\envs\graph\lib\site-packages\torch\nn\functional.py", line 3086, in cross_entropy
    return torch._C._nn.cross_entropy_loss(input, target, weight, _Reduction.get_enum(reduction), ignore_index, label_smoothing)
RuntimeError: "nll_loss_forward_reduce_cuda_kernel_2d_index" not implemented for 'Float'